image: dating.pgm
resolution: 0.050000
origin: [-8.151921, -10.238533, 0.000000]
negate: 0
occupied_thresh: 0.65
free_thresh: 0.196

